   1.0000000000000000E-002   1.5046605216545038E-003   9.6210759298890377E-004   1.4146105308790184     
   2.0000000000000000E-002   3.0093210433090076E-003   2.6350878589348234E-003   2.8307929102018567     
   2.9999999999999999E-002   4.5139815649635111E-003   4.6746770500923915E-003   4.2479356330642553     
   4.0000000000000001E-002   6.0186420866180151E-003   6.9827764884063557E-003   5.6658131613790621     
   5.0000000000000003E-002   7.5233026082725182E-003   9.5199871249684806E-003   7.0843005181451382     
   5.9999999999999998E-002   9.0279631299270222E-003   1.2270502827107546E-002   8.5033184902250198     
   7.0000000000000007E-002   1.0532623651581526E-002   1.5229368179513434E-002   9.9228130006027175     
   8.0000000000000002E-002   1.2037284173236030E-002   1.8396736589461792E-002   11.342745274968012     
   8.9999999999999997E-002   1.3541944694890532E-002   2.1774994330997940E-002   12.763086482089824     
  0.10000000000000001        1.5046605216545036E-002   2.5367251968439093E-002   14.183814547448051     
  0.11000000000000000        1.6551265738199542E-002   2.9176554859568573E-002   15.604912141151260     
  0.12000000000000000        1.8055926259854044E-002   3.3205496379942807E-002   17.026365350912904     
  0.13000000000000000        1.9560586781508547E-002   3.7456065392987785E-002   18.448162778380055     
  0.14000000000000001        2.1065247303163052E-002   4.1929632160316199E-002   19.870294908983794     
  0.14999999999999999        2.2569907824817551E-002   4.6627015423334001E-002   21.292753664791608     
  0.16000000000000000        2.4074568346472060E-002   5.1548595193039393E-002   22.715532083227355     
  0.17000000000000001        2.5579228868126563E-002   5.6694448701229597E-002   24.138624084259103     
  0.17999999999999999        2.7083889389781065E-002   6.2064495009924968E-002   25.562024300854855     
  0.19000000000000000        2.8588549911435571E-002   6.7658638918689770E-002   26.985727955274189     
  0.20000000000000001        3.0093210433090073E-002   7.3476908219917592E-002   28.409730768901298     
  0.20999999999999999        3.1597870954744575E-002   7.9519580632256767E-002   29.834028896756788     
  0.22000000000000000        3.3102531476399084E-002   8.5787298332052495E-002   31.258618880286424     
  0.23000000000000001        3.4607191998053580E-002   9.2281169068368807E-002   32.683497613642807     
  0.23999999999999999        3.6111852519708089E-002   9.9002853582738512E-002   34.108662319941260     
  0.25000000000000000        3.7616513041362591E-002  0.10595463959645982        35.534110534838064     
  0.26000000000000001        3.9121173563017093E-002  0.11313950293508564        36.959840095449721     
  0.27000000000000002        4.0625834084671596E-002  0.12056115658391930        38.385849133076611     
  0.28000000000000003        4.2130494606326105E-002  0.12822408862069998        39.812136068626536     
  0.28999999999999998        4.3635155127980600E-002  0.13613359000111702        41.238699609856994     
  0.29999999999999999        4.5139815649635102E-002  0.14429577321729675        42.665538749789967     
  0.31000000000000000        4.6644476171289612E-002  0.15271758283539588        44.092652765819651     
  0.32000000000000001        4.8149136692944121E-002  0.16140679887468029        45.520041219165840     
  0.33000000000000002        4.9653797214598623E-002  0.17037203393909992        46.947703954388878     
  0.34000000000000002        5.1158457736253125E-002  0.17962272495578707        48.375641098800862     
  0.35000000000000003        5.2663118257907635E-002  0.18916912030645458        49.803853061613154     
  0.35999999999999999        5.4167778779562130E-002  0.19902226308384238        51.232340532778061     
  0.37000000000000000        5.5672439301216632E-002  0.20919397110766527        52.661104481433625     
  0.38000000000000000        5.7177099822871141E-002  0.21969681429900814        54.090146153945028     
  0.39000000000000001        5.8681760344525644E-002  0.23054408991837622        55.519467071509290     
  0.40000000000000002        6.0186420866180146E-002  0.24175912816175649        56.949069026448001     
  0.41000000000000003        6.1691081387834648E-002  0.25333847447660085        58.378954082642181     
  0.41999999999999998        6.3195741909489150E-002  0.26530623018144295        59.809124566616291     
  0.42999999999999999        6.4700402431143653E-002  0.27767832430774608        61.239583067105194     
  0.44000000000000000        6.6205062952798169E-002  0.29047127209615153        62.670332429973151     
  0.45000000000000001        6.7709723474452671E-002  0.30370214542825852        64.101375753683669     
  0.46000000000000002        6.9214383996107159E-002  0.31738854335475269        65.532716384518992     
  0.47000000000000003        7.0719044517761662E-002  0.33154856287677642        66.964357911576627     
  0.47999999999999998        7.2223705039416178E-002  0.34620077012040024        68.396304161578968     
  0.48999999999999999        7.3728365561070680E-002  0.36136417199914167        69.828559193485404     
  0.50000000000000000        7.5233026082725182E-002  0.37705818850038997        71.261127293045107     
  0.51000000000000001        7.6737686604379685E-002  0.39330262559204932        72.694012967141660     
  0.52000000000000002        7.8242347126034187E-002  0.41011764888784075        74.127220938132993     
  0.53000000000000003        7.9747007647688689E-002  0.42752375805873821        75.560756138089900     
  0.54000000000000004        8.1251668169343191E-002  0.44554176204173640        76.994623703002702     
  0.55000000000000004        8.2756328690997707E-002  0.46419275506193247        78.428828966964048     
  0.56000000000000005        8.4260989212652210E-002  0.48349809349051098        79.863377456354058     
  0.57000000000000006        8.5765649734306712E-002  0.50347937350410410        81.298274883991013     
  0.57999999999999996        8.7270310255961200E-002  0.52415840962926452        82.733527143395222     
  0.58999999999999997        8.8774970777615703E-002  0.54555721406596014        84.169140303007381     
  0.59999999999999998        9.0279631299270205E-002  0.56769797682225076        85.605120600460751     
  0.60999999999999999        9.1784291820924707E-002  0.59060304667785524        87.041474436946416     
  0.62000000000000000        9.3288952342579223E-002  0.61429491293317351        88.478208371658326     
  0.63000000000000000        9.4793612864233739E-002  0.63879618787128523        89.915329116214608     
  0.64000000000000001        9.6298273385888242E-002  0.66412959002063621        91.352843529261222     
  0.65000000000000002        9.7802933907542744E-002  0.69031792811288895        92.790758611106583     
  0.66000000000000003        9.9307594429197246E-002  0.71738408574523571        94.229081498454974     
  0.67000000000000004       0.10081225495085175       0.74535100671840959        95.667819459232703     
  0.68000000000000005       0.10231691547250625       0.77424168103014823        97.106979887507165     
  0.69000000000000006       0.10382157599416077       0.80407913149976717        98.546570298504108     
  0.70000000000000007       0.10532623651581527       0.83488640100428146        99.986598323738022     
  0.70999999999999996       0.10683089703746976       0.86668654026551928        101.42707170617636     
  0.71999999999999997       0.10833555755912426       0.89950259627150986        102.86799829563702     
  0.72999999999999998       0.10984021808077876       0.93335760117155087        104.30938604417302     
  0.73999999999999999       0.11134487860243326       0.96827456169066195        105.75124300154985     
  0.75000000000000000       0.11284953912408777        1.0042764491169656        107.19357731097419     
  0.76000000000000001       0.11435419964574228        1.0413861896604055        108.63639720471987     
  0.77000000000000002       0.11585886016739678        1.0796266553541829        110.07971100001646     
  0.78000000000000003       0.11736352068905129        1.1190206553460800        111.52352709496435     
  0.79000000000000004       0.11886818121070579        1.1595909239371356        112.96785396457319     
  0.80000000000000004       0.12037284173236029        1.2010403169016213        114.41269877007213     
  0.81000000000000005       0.12187750225401479        1.2433425106402836        115.85806482707851     
  0.82000000000000006       0.12338216277566930        1.2866863621590492        117.30395768021717     
  0.83000000000000007       0.12488682329732381        1.3311444585285643        118.75038406801914     
  0.83999999999999997       0.12639148381897830        1.3767673485838454        120.19735128667193     
  0.84999999999999998       0.12789614434063279        1.4235960517372164        121.64486699758029     
  0.85999999999999999       0.12940080486228731        1.4716663361753308        123.09293913114898     
  0.87000000000000000       0.13090546538394179        1.5210106611999259        124.54157582900375     
  0.88000000000000000       0.13241012590559634        1.5716592086136267        125.99078540508387     
  0.89000000000000001       0.13391478642725083        1.6236404894379721        127.44057631771631     
  0.90000000000000002       0.13541944694890534        1.6769817275449341        128.89095714813624     
  0.91000000000000003       0.13692410747055983        1.7317091159990530        130.34193658374826     
  0.92000000000000004       0.13842876799221432        1.7878479956087030        131.79352340425166     
  0.93000000000000005       0.13993342851386883        1.8454229837123681        133.24572647012303     
  0.94000000000000006       0.14143808903552332        1.9044580696802804        134.69855471276841     
  0.95000000000000007       0.14294274955717784        1.9649766874236239        136.15201712598181     
  0.95999999999999996       0.14444741007883236        2.0270017715551369        137.60612275840955     
  0.96999999999999997       0.14595207060048684        2.0905558017109871        139.06088070697473     
  0.97999999999999998       0.14745673112214136        2.1556608379152391        140.51630011070745     
  0.98999999999999999       0.14896139164379585        2.2223385494258205        141.97239014552724     
   1.0000000000000000       0.15046605216545036        2.2906102382666385        143.42916001909595     
   1.0100000000000000       0.15197071268710485        2.3604968589429611        144.88661896650186     
   1.0200000000000000       0.15347537320875937        2.4320190348185524        146.34477624587620     
   1.0300000000000000       0.15498003373041389        2.5051970721702901        147.80364113475491     
   1.0400000000000000       0.15648469425206837        2.5800509720309988        149.26322292627364     
   1.0500000000000000       0.15798935477372289        2.6566004405737211        150.72353092602813     
   1.0600000000000001       0.15949401529537738        2.7348648980352221        152.18457444887213     
   1.0700000000000001       0.16099867581703189        2.8148634865350233        153.64636281590398     
   1.0800000000000001       0.16250333633868638        2.8966150770925609        155.10890535190214     
   1.0900000000000001       0.16400799686034090        2.9801382757587560        156.57221138262469     
   1.1000000000000001       0.16551265738199541        3.0654514291714903        158.03629023240555     
   1.1100000000000001       0.16701731790364990        3.1525726295775254        159.50115122189135     
   1.1200000000000001       0.16852197842530442        3.2415197193317415        160.96680366573969     
   1.1300000000000001       0.17002663894695891        3.3323102951468200        162.43325687075981     
   1.1400000000000001       0.17153129946861342        3.4249617118886828        163.90052013383607     
   1.1500000000000001       0.17303595999026791        3.5194910861470299        165.36860274011553     
   1.1599999999999999       0.17454062051192240        3.6159152995622570        166.83751396125609     
   1.1699999999999999       0.17604528103357692        3.7142510019600059        168.30726305379827     
   1.1799999999999999       0.17754994155523141        3.8145146142303421        169.77785925744368     
   1.1899999999999999       0.17905460207688592        3.9167223312106900        171.24931179376330     
   1.2000000000000000       0.18055926259854041        4.0208901242798856        172.72162986462783     
   1.2100000000000000       0.18206392312019493        4.1270337439153986        174.19482265088212     
   1.2200000000000000       0.18356858364184941        4.2351687221355041        175.66889931105101     
   1.2300000000000000       0.18507324416350393        4.3453103748483732        177.14386898010665     
   1.2400000000000000       0.18657790468515845        4.4574738041352910        178.61974076829426     
   1.2500000000000000       0.18808256520681296        4.5716739004739972        180.09652376005516     
   1.2600000000000000       0.18958722572846748        4.6879253448260005        181.57422701280305     
   1.2700000000000000       0.19109188625012197        4.8062426108305969        183.05285955614727     
   1.2800000000000000       0.19259654677177648        4.9266399667936058        184.53243039076946     
   1.2900000000000000       0.19410120729343097        5.0491314777132077        186.01294848754350     
   1.3000000000000000       0.19560586781508549        5.1737310072531306        187.49442278665975     
   1.3100000000000001       0.19711052833674000        5.3004522196828265        188.97686219679107     
   1.3200000000000001       0.19861518885839449        5.4293085817870494        190.46027559429967     
   1.3300000000000001       0.20011984938004901        5.5603133647507512        191.94467182248150     
   1.3400000000000001       0.20162450990170350        5.6934796460137509        193.43005969084797     
   1.3500000000000001       0.20312917042335801        5.8288203111141454        194.91644797448791     
   1.3600000000000001       0.20463383094501250        5.9663480554388411        196.40384541323832     
   1.3700000000000001       0.20613849146666702        6.1060753861198691        197.89226071133589     
   1.3800000000000001       0.20764315198832153        6.2480146237339369        199.38170253665209     
   1.3900000000000001       0.20914781250997602        6.3921779040733941        200.87217952018142     
   1.4000000000000001       0.21065247303163054        6.5385771798864578        202.36370025551363     
   1.4099999999999999       0.21215713355328500        6.6872242225964440        203.85627329833295     
   1.4199999999999999       0.21366179407493952        6.8381306240024955        205.34990716594459     
   1.4299999999999999       0.21516645459659400        6.9913077979709515        206.84461033682487     
   1.4399999999999999       0.21667111511824852        7.1467669821071409        208.34039125019800     
   1.4500000000000000       0.21817577563990304        7.3045192394340805        209.83725830568449     
   1.4600000000000000       0.21968043616155752        7.4645754599535712        211.33521986272055     
   1.4700000000000000       0.22118509668321204        7.6269463623965539        212.83428424050385     
   1.4800000000000000       0.22268975720486653        7.7916424957560046        214.33445971745493     
   1.4900000000000000       0.22419441772652104        7.9586742409053102        215.83575453095176     
   1.5000000000000000       0.22569907824817553        8.1280518121835108        217.33817687703217     
   1.5100000000000000       0.22720373876983005        8.2997852589647856        218.84173491011433     
   1.5200000000000000       0.22870839929148457        8.4738844672138907        220.34643674273630     
   1.5300000000000000       0.23021305981313905        8.6503591610274135        221.85229044531152     
   1.5400000000000000       0.23171772033479357        8.8292189041595890        223.35930404590090     
   1.5500000000000000       0.23322238085644806        9.0104731015339823        224.86748553000129     
   1.5600000000000001       0.23472704137810257        9.1941310007641306        226.37684284040526     
   1.5700000000000001       0.23623170189975706        9.3802016935431478        227.88738387679123     
   1.5800000000000001       0.23773636242141158        9.5686941172489473        229.39911649589638     
   1.5900000000000001       0.23924102294306610        9.7596170563069435        230.91204851113469     
   1.6000000000000001       0.24074568346472058        9.9529791436490438        232.42618769251246     
   1.6100000000000001       0.24225034398637510        10.148788862138204        233.94154176649843     
   1.6200000000000001       0.24375500450802959        10.347054545976341        235.45811841590609     
   1.6300000000000001       0.24525966502968410        10.547784382098175        236.97592527978946     
   1.6400000000000001       0.24676432555133859        10.750986411549848        238.49496995334661     
   1.6500000000000001       0.24826898607299311        10.956668530878780        240.01525998789992     
   1.6600000000000001       0.24977364659464762        11.164838493380444        241.53680289057078     
   1.6699999999999999       0.25127830711630206        11.375503910586021        243.05960612459131     
   1.6799999999999999       0.25278296763795660        11.588672253480697        244.58367710900023     
   1.6899999999999999       0.25428762815961109        11.804350853834073        246.10902321865956     
   1.7000000000000000       0.25579228868126558        12.022546905490708        247.63565178421817     
   1.7100000000000000       0.25729694920292012        12.243267465646328        249.16357009208420     
   1.7200000000000000       0.25880160972457461        12.466519456110261        250.69278538440383     
   1.7300000000000000       0.26030627024622910        12.692309664551965        252.22330485904970     
   1.7400000000000000       0.26181093076788359        12.920644745763477        253.75513566968453     
   1.7500000000000000       0.26331559128953813        13.151531222765689        255.28828492548925     
   1.7600000000000000       0.26482025181119268        13.384975488182491        256.82275969158241     
   1.7700000000000000       0.26632491233284716        13.620983805320076        258.35856698876262     
   1.7800000000000000       0.26782957285450165        13.859562309373093        259.89571379359927     
   1.7900000000000000       0.26933423337615614        14.100717008589335        261.43420703846039     
   1.8000000000000000       0.27083889389781068        14.344453785420802        262.97405361154608     
   1.8100000000000001       0.27234355441946517        14.590778397661621        264.51526035692893     
   1.8200000000000001       0.27384821494111966        14.839696479604450        266.05783407467248     
   1.8300000000000001       0.27535287546277415        15.091213543029459        267.60178152058631     
   1.8400000000000001       0.27685753598442864        15.345334978487969        269.14710940672234     
   1.8500000000000001       0.27836219650608318        15.602066056268070        270.69382440114168     
   1.8600000000000001       0.27986685702773767        15.861411927499677        272.24193312805102     
   1.8700000000000001       0.28137151754939216        16.123377625217927        273.79144216787228     
   1.8800000000000001       0.28287617807104665        16.387968065414299        275.34235805731515     
   1.8900000000000001       0.28438083859270119        16.655188048110016        276.89468728953244     
   1.9000000000000001       0.28588549911435568        16.925042258251679        278.44843631388704     
   1.9100000000000001       0.28739015963601017        17.197535266923751        280.00361153650624     
   1.9199999999999999       0.28889482015766471        17.472671532233473        281.56021932005689     
   1.9299999999999999       0.29039948067931920        17.750455400324615        283.11826598391514     
   1.9399999999999999       0.29190414120097369        18.030891106371346        284.67775780425984     
   1.9500000000000000       0.29340880172262818        18.313982775551320        286.23870101417162     
   1.9600000000000000       0.29491346224428272        18.599734424045451        287.80110180381598     
   1.9700000000000000       0.29641812276593721        18.888149959851145        289.36496632021272     
   1.9800000000000000       0.29792278328759170        19.179233183938265        290.93030066784411     
   1.9900000000000000       0.29942744380924624        19.472987791045576        292.49711090842760     
   2.0000000000000000       0.30093210433090073        19.769417370640927        294.06540306111333     
   2.0100000000000002       0.30243676485255527        20.068525407838820        295.63518310259531     
   2.0200000000000000       0.30394142537420971        20.370315284309161        297.20645696722875     
   2.0300000000000002       0.30544608589586431        20.674790279215156        298.77923054723658     
   2.0400000000000000       0.30695074641751874        20.981953569953298        300.35350969247457     
   2.0499999999999998       0.30845540693917323        21.291808233262966        301.92930021108538     
   2.0600000000000001       0.30996006746082777        21.604357245951952        303.50660786926875     
   2.0699999999999998       0.31146472798248226        21.919603485800994        305.08543839149542     
   2.0800000000000001       0.31296938850413675        22.237549732423940        306.66579746063474     
   2.0899999999999999       0.31447404902579124        22.558198668160220        308.24769071817764     
   2.1000000000000001       0.31597870954744578        22.881552878761003        309.83112376399481     
   2.1099999999999999       0.31748337006910027        23.207614854465124        311.41610215702696     
   2.1200000000000001       0.31898803059075476        23.536386990673705        313.00263141504792     
   2.1299999999999999       0.32049269111240930        23.867871588813529        314.59071701489120     
   2.1400000000000001       0.32199735163406379        24.202070857154894        316.18036439258782     
   2.1499999999999999       0.32350201215571828        24.538986911666697        317.77157894360101     
   2.1600000000000001       0.32500667267737277        24.878621776653592        319.36436602257533     
   2.1699999999999999       0.32651133319902731        25.220977385807331        320.95873094406238     
   2.1800000000000002       0.32801599372068180        25.566055582834245        322.55467898227016     
   2.1899999999999999       0.32952065424233629        25.913858122284665        324.15221537130577     
   2.2000000000000002       0.33102531476399083        26.264386670335938        325.75134530531653     
   2.2100000000000000       0.33252997528564532        26.617642805614405        327.35207393873708     
   2.2200000000000002       0.33403463580729981        26.973628019788560        328.95440638602537     
   2.2300000000000000       0.33553929632895430        27.332343718604960        330.55834772242292     
   2.2400000000000002       0.33704395685060884        27.693791222470885        332.16390298369066     
   2.2500000000000000       0.33854861737226333        28.057971767256419        333.77107716636141     
   2.2600000000000002       0.34005327789391782        28.424886505093927        335.37987522799261     
   2.2700000000000000       0.34155793841557236        28.794536504939565        336.99030208689010     
   2.2800000000000002       0.34306259893722685        29.166922753594129        338.60236262289658     
   2.2900000000000000       0.34456725945888134        29.542046156259559        340.21606167711656     
   2.3000000000000003       0.34607191998053582        29.919907537317020        341.83140405217239     
   2.3100000000000001       0.34757658050219037        30.300507641059237        343.44839451235714     
   2.3199999999999998       0.34908124102384480        30.683847132465303        345.06703778389704     
   2.3300000000000001       0.35058590154549935        31.069926597726393        346.68733855465933     
   2.3399999999999999       0.35209056206715383        31.458746545260347        348.30930147497219     
   2.3500000000000001       0.35359522258880838        31.850307406228939        349.93293115733371     
   2.3599999999999999       0.35509988311046281        32.244609535298586        351.55823217667700     
   2.3700000000000001       0.35660454363211735        32.641653211399110        353.18520907063959     
   2.3799999999999999       0.35810920415377184        33.041438638221926        354.81386633925598     
   2.3900000000000001       0.35961386467542639        33.443965945229110        356.44420844580662     
   2.3999999999999999       0.36111852519708082        33.849235188144661        358.07623981650954     
   2.4100000000000001       0.36262318571873542        34.257246349699543        359.70996484079342     
   2.4199999999999999       0.36412784624038985        34.667999340375772        361.34538787157175     
   2.4300000000000002       0.36563250676204440        35.081493998878997        362.98251322492069     
   2.4399999999999999       0.36713716728369883        35.497730093144071        364.62134518095405     
   2.4500000000000002       0.36864182780535343        35.916707320801514        366.26188798350086     
   2.4600000000000000       0.37014648832700786        36.338425309908899        367.90414584038200     
   2.4700000000000002       0.37165114884866240        36.762883619681126        369.54812292369189     
   2.4800000000000000       0.37315580937031689        37.190081740939235        371.19382336945790     
   2.4900000000000002       0.37466046989197144        37.620019097114053        372.84125127854509     
   2.5000000000000000       0.37616513041362593        38.052695044688001        374.49041071631456     
   2.5100000000000002       0.37766979093528041        38.488108873915124        376.14130571290724     
   2.5200000000000000       0.37917445145693496        38.926259809538102        377.79394026352992     
   2.5300000000000002       0.38067911197858945        39.367147011214747        379.44831832809871     
   2.5400000000000000       0.38218377250024393        39.810769574519163        381.10444383216878     
   2.5500000000000003       0.38368843302189848        40.257126531362431        382.76232066657815     
   2.5600000000000001       0.38519309354355297        40.706216850699519        384.42195268773429     
   2.5699999999999998       0.38669775406520740        41.158039439235232        386.08334371790653     
   2.5800000000000001       0.38820241458686194        41.612593141828171        387.74649754485142     
   2.5899999999999999       0.38970707510851643        42.069876742491481        389.41141792276892     
   2.6000000000000001       0.39121173563017098        42.529888964790977        391.07810857193073     
   2.6099999999999999       0.39271639615182541        42.992628472602121        392.74657317910618     
   2.6200000000000001       0.39422105667348001        43.458093870498622        394.41681539717450     
   2.6299999999999999       0.39572571719513444        43.926283704747156        396.08883884610475     
   2.6400000000000001       0.39723037771678898        44.397196463694947        397.76264711256670     
   2.6499999999999999       0.39873503823844342        44.870830578452356        399.43824375022518     
   2.6600000000000001       0.40023969876009802        45.347184423580842        401.11563228004167     
   2.6699999999999999       0.40174435928175245        45.826256317455488        402.79481618986529     
   2.6800000000000002       0.40324901980340699        46.308044523267611        404.47579893544065     
   2.6899999999999999       0.40475368032506148        46.792547249382217        406.15858393999986     
   2.7000000000000002       0.40625834084671603        47.279762650014604        407.84317459456292     
   2.7100000000000000       0.40776300136837046        47.769688825905384        409.52957425824098     
   2.7200000000000002       0.40926766189002500        48.262323824662261        411.21778625781116     
   2.7300000000000000       0.41077232241167949        48.757665641761712        412.90781388874967     
   2.7400000000000002       0.41227698293333404        49.255712220885407        414.59966041480675     
   2.7500000000000000       0.41378164345498847        49.756461454653213        416.29332906845895     
   2.7600000000000002       0.41528630397664307        50.259911184946112        417.98882305046823     
   2.7700000000000000       0.41679096449829750        50.766059203909762        419.68614553093795     
   2.7800000000000002       0.41829562501995204        51.274903254271592        421.38529964887226     
   2.7900000000000000       0.41980028554160648        51.786441029997661        423.08628851248159     
   2.8000000000000003       0.42130494606326108        52.300670176947875        424.78911519949463     
   2.8100000000000001       0.42280960658491551        52.817588293177238        426.49378275669744     
   2.8199999999999998       0.42431426710657000        53.337192929938652        428.20029420101747     
   2.8300000000000001       0.42581892762822454        53.859481591978060        429.90865251906200     
   2.8399999999999999       0.42732358814987903        54.384451738251890        431.61886066758785     
   2.8500000000000001       0.42882824867153352        54.912100782208633        433.33092157302144     
   2.8599999999999999       0.43033290919318801        55.442426092793518        435.04483813256968     
   2.8700000000000001       0.43183756971484255        55.975424994723923        436.76061321373948     
   2.8799999999999999       0.43334223023649704        56.511094769125563        438.47824965465139     
   2.8900000000000001       0.43484689075815153        57.049432654167859        440.19775026436042     
   2.8999999999999999       0.43635155127980607        57.590435845322801        441.91911782235621     
   2.9100000000000001       0.43785621180146056        58.134101496368118        443.64235507969875     
   2.9199999999999999       0.43936087232311505        58.680426719640302        445.36746475852033     
   2.9300000000000002       0.44086553284476954        59.229408586735602        447.09444955251024     
   2.9399999999999999       0.44237019336642408        59.781044128749222        448.82331212639832     
   2.9500000000000002       0.44387485388807857        60.335330337279089        450.55405511711666     
   2.9600000000000000       0.44537951440973306        60.892264164659672        452.28668113328160     
   2.9700000000000002       0.44688417493138766        61.451842524654481        454.02119275568623     
   2.9800000000000000       0.44838883545304209        62.014062292676122        455.75759253676699     
   2.9900000000000002       0.44989349597469663        62.578920306790643        457.49588300178908     
   3.0000000000000000       0.45139815649635107        63.146413367930847        459.23606664831010     
   3.0100000000000002       0.45290281701800567        63.716538240500476        460.97814594650509     
   3.0200000000000000       0.45440747753966010        64.289291652978761        462.72212333949597     
   3.0300000000000002       0.45591213806131464        64.864670298115158        464.46800124279497     
   3.0400000000000000       0.45741679858296913        65.442670833932567        466.21578204551901     
   3.0500000000000003       0.45892145910462367        66.023289883916831        467.96546810983313     
   3.0600000000000001       0.46042611962627811        66.606524037690647        469.71706177145859     
   3.0700000000000003       0.46193078014793265        67.192369851189980        471.47056533909966     
   3.0800000000000001       0.46343544066958714        67.780823847665545        473.22598109568179     
   3.0899999999999999       0.46494010119124163        68.371882517852342        474.98331129777654     
   3.1000000000000001       0.46644476171289612        68.965542320636260        476.74255817611811     
   3.1099999999999999       0.46794942223455066        69.561799683207781        478.50372393500891     
   3.1200000000000001       0.46945408275620515        70.160651002065293        480.26681075358522     
   3.1299999999999999       0.47095874327785964        70.762092643162731        482.03182078522269     
   3.1400000000000001       0.47246340379951413        71.366120942480279        483.79875615786892     
   3.1499999999999999       0.47396806432116867        71.972732206594259        485.56761897438378     
   3.1600000000000001       0.47547272484282316        72.581922712806829        487.33841131192327     
   3.1699999999999999       0.47697738536447765        73.193688710145580        489.11113522323262     
   3.1800000000000002       0.47848204588613219        73.808026419487760        490.88579273602994     
   3.1899999999999999       0.47998670640778668        74.424932034205085        492.66238585353767     
   3.2000000000000002       0.48149136692944117        75.044401720273868        494.44091655384943     
   3.2100000000000000       0.48299602745109566        75.666431617273204        496.22138679124657     
   3.2200000000000002       0.48450068797275020        76.291017838487804        498.00379849556464     
   3.2300000000000000       0.48600534849440469        76.918156471544947        499.78815357273078     
   3.2400000000000002       0.48751000901605918        77.547843578502196        501.57445390411016     
   3.2500000000000000       0.48901466953771372        78.180075196845536        503.36270134785099     
   3.2600000000000002       0.49051933005936821        78.814847339570989        505.15289773822758     
   3.2700000000000000       0.49202399058102270        79.452155995718527        506.94504488598523     
   3.2800000000000002       0.49352865110267718        80.091997130906194        508.73914457868545     
   3.2900000000000000       0.49503331162433173        80.734366687392239        510.53519858003233     
   3.3000000000000003       0.49653797214598622        81.379260585070696        512.33320863124322     
   3.3100000000000001       0.49804263266764071        82.026674721525893        514.13317645037091     
   3.3200000000000003       0.49954729318929525        82.676604972650026        515.93510373286017     
   3.3300000000000001       0.50105195371094968        83.329047192681969        517.73899215084828     
   3.3399999999999999       0.50255661423260412        83.983997215203800        519.54484335456732     
   3.3500000000000001       0.50406127475425877        84.641450853173041        521.35265897164379     
   3.3599999999999999       0.50556593527591320        85.301403899432486        523.16244060744714     
   3.3700000000000001       0.50707059579756775        85.963852127217820        524.97418984544618     
   3.3799999999999999       0.50857525631922218        86.628791290173538        526.78790824648615     
   3.3900000000000001       0.51007991684087672        87.296217123343155        528.60359735021950     
   3.3999999999999999       0.51158457736253116        87.966125343177808        530.42125867438222     
   3.4100000000000001       0.51308923788418581        88.638511648131072        532.24089371536706     
   3.4199999999999999       0.51459389840584024        89.313371718651695        534.06250394748008     
   3.4300000000000002       0.51609855892749479        89.990701218174550        535.88609082439837     
   3.4399999999999999       0.51760321944914922        90.670495793107179        537.71165577842680     
   3.4500000000000002       0.51910787997080376        91.352751073414495        539.53920022107695     
   3.4600000000000000       0.52061254049245820        92.037462672590451        541.36872554230206     
   3.4700000000000002       0.52211720101411274        92.724626188648912        543.20023311198634     
   3.4800000000000000       0.52362186153576717        93.414237204086533        545.03372427917350     
   3.4900000000000002       0.52512652205742183        94.106291286356083        546.86920037243067     
   3.5000000000000000       0.52663118257907626        94.800783988336931        548.70666270020831     
   3.5100000000000002       0.52813584310073081        95.497710848281102        550.54611255005386     
   3.5200000000000000       0.52964050362238535        96.197067390799418        552.38755119012637     
   3.5300000000000002       0.53114516414403978        96.898849126800400        554.23097986840628     
   3.5400000000000000       0.53264982466569433        97.603051554055696        556.07639981329316     
   3.5500000000000003       0.53415448518734887        98.309670157123236        557.92381223279392     
   3.5600000000000001       0.53565914570900330        99.018700408333686        559.77321831606855     
   3.5700000000000003       0.53716380623065785        99.730137767706466        561.62461923261503     
   3.5800000000000001       0.53866846675231228        100.44397768339741        563.47801613263789     
   3.5899999999999999       0.54017312727396682        101.16021559214441        565.33341014741461     
   3.6000000000000001       0.54167778779562137        101.87884691916555        567.19080238846232     
   3.6099999999999999       0.54318244831727580        102.59986707914312        569.05019394911221     
   3.6200000000000001       0.54468710883893035        103.32327147611399        570.91158590367149     
   3.6299999999999999       0.54619176936058489        104.04905550401440        572.77497930803850     
   3.6400000000000001       0.54769642988223932        104.77721454655594        574.64037519884300     
   3.6499999999999999       0.54920109040389387        105.50774397820963        576.50777459505275     
   3.6600000000000001       0.55070575092554830        106.24063916407526        578.37717849711055     
   3.6699999999999999       0.55221041144720284        106.97589546030341        580.24858788730728     
   3.6800000000000002       0.55371507196885728        107.71350821451675        582.12200373015742     
   3.6899999999999999       0.55521973249051193        108.45347276566122        583.99742697151646     
   3.7000000000000002       0.55672439301216636        109.19578444498693        585.87485854021395     
   3.7100000000000000       0.55822905353382091        109.94043857589332        587.75429934717044     
   3.7200000000000002       0.55973371405547534        110.68743047433918        589.63575028577111     
   3.7300000000000000       0.56123837457712988        111.43675544924066        591.51921223224394     
   3.7400000000000002       0.56274303509878432        112.18840880231650        593.40468604475336     
   3.7500000000000000       0.56424769562043886        112.94238582904804        595.29217256506433     
   3.7600000000000002       0.56575235614209329        113.69868181850914        597.18167261763324     
   3.7700000000000000       0.56725701666374795        114.45729205387650        599.07318701024724     
   3.7800000000000002       0.56876167718540238        115.21821181223461        600.96671653309136     
   3.7900000000000000       0.57026633770705693        115.98143636555650        602.86226196044765     
   3.8000000000000003       0.57177099822871136        116.74696098050205        604.75982404975809     
   3.8100000000000001       0.57327565875036590        117.51478091880522        606.65940354200768     
   3.8200000000000003       0.57478031927202033        118.28489143765727        608.56100116210700     
   3.8300000000000001       0.57628497979367499        119.05728778947217        610.46461761793682     
   3.8399999999999999       0.57778964031532942        119.83196522289053        612.37025360207588     
   3.8500000000000001       0.57929430083698397        120.60891898254171        614.27790979084091     
   3.8599999999999999       0.58079896135863840        121.38814430941808        616.18758684466934     
   3.8700000000000001       0.58230362188029294        122.16963644123720        618.09928540850922     
   3.8799999999999999       0.58380828240194738        122.95339061221799        620.01300611083502     
   3.8900000000000001       0.58531294292360192        123.73940205403957        621.92874956540800     
   3.8999999999999999       0.58681760344525635        124.52766599559931        623.84651637028912     
   3.9100000000000001       0.58832226396691101        125.31817766349835        625.76630710851077     
   3.9199999999999999       0.58982692448856544        126.11093228177377        627.68812234705774     
   3.9300000000000002       0.59133158501021998        126.90592507289387        629.61196263867282     
   3.9399999999999999       0.59283624553187442        127.70315125743907        631.53782852083521     
   3.9500000000000002       0.59434090605352896        128.50260605452291        633.46572051615749     
   3.9600000000000000       0.59584556657518339        129.30428468209598        635.39563913277880     
   3.9700000000000002       0.59735022709683805        130.10818235666849        637.32758486332500     
   3.9800000000000000       0.59885488761849248        130.91429429429249        639.26155818674306     
   3.9900000000000002       0.60035954814014703        131.72261571026638        641.19755956725771     
   4.0000000000000000       0.60186420866180146        132.53314181947343        643.13558945476575     
   4.0099999999999998       0.60336886918345589        133.34586783672248        645.07564828523732     
   4.0200000000000005       0.60487352970511055        134.16078897643536        647.01773647964774     
   4.0300000000000002       0.60637819022676498        134.97790045362831        648.96185444584376     
   4.0400000000000000       0.60788285074841941        135.79719748359460        650.90800257747549     
   4.0499999999999998       0.60938751127007396        136.61867528223289        652.85618125439316     
   4.0600000000000005       0.61089217179172861        137.44232906637524        654.80639084305278     
   4.0700000000000003       0.61239683231338304        138.26815405345116        656.75863169541640     
   4.0800000000000001       0.61390149283503748        139.09614546247232        658.71290415086025     
   4.0899999999999999       0.61540615335669191        139.92629851369102        660.66920853507190     
   4.0999999999999996       0.61691081387834645        140.75860842891851        662.62754516045538     
   4.1100000000000003       0.61841547440000111        141.59307043184154        664.58791432653720     
   4.1200000000000001       0.61992013492165554        142.42967974766512        666.55031631884026     
   4.1299999999999999       0.62142479544330997        143.26843160409899        668.51475141082790     
   4.1399999999999997       0.62292945596496452        144.10932123099258        670.48121986277101     
   4.1500000000000004       0.62443411648661906        144.95234386064337        672.44972192215755     
   4.1600000000000001       0.62593877700827349        145.79749472810551        674.42025782410371     
   4.1699999999999999       0.62744343752992793        146.64476907080723        676.39282779019766     
   4.1799999999999997       0.62894809805158247        147.49416212954222        678.36743203047990     
   4.1900000000000004       0.63045275857323713        148.34566914808116        680.34407074228238     
   4.2000000000000002       0.63195741909489156        149.19928537347175        682.32274411064111     
   4.2100000000000000       0.63346207961654599        150.05500605619855        684.30345230839259     
   4.2199999999999998       0.63496674013820054        150.91282645046854        686.28619549658617     
   4.2300000000000004       0.63647140065985508        151.77274181382683        688.27097382330260     
   4.2400000000000002       0.63797606118150951        152.63474740812620        690.25778742566513     
   4.2500000000000000       0.63948072170316395        153.49883849912683        692.24663642865505     
   4.2599999999999998       0.64098538222481860        154.36501035678211        694.23752094552390     
   4.2700000000000005       0.64249004274647314        155.23325825552365        696.23044107821306     
   4.2800000000000002       0.64399470326812758        156.10357747383765        698.22539691613883     
   4.2900000000000000       0.64549936378978201        156.97596329525680        700.22238853824626     
   4.2999999999999998       0.64700402431143655        157.85041100792930        702.22141601179055     
   4.3100000000000005       0.64850868483309110        158.72691590489785        704.22247939275462     
   4.3200000000000003       0.65001334535474553        159.60547328437681        706.22557872627465     
   4.3300000000000001       0.65151800587640007        160.48607844930740        708.23071404539348     
   4.3399999999999999       0.65302266639805462        161.36872670835362        710.23788537315249     
   4.3500000000000005       0.65452732691970916        162.25341337545075        712.24709272134385     
   4.3600000000000003       0.65603198744136360        163.14013377007677        714.25833609093399     
   4.3700000000000001       0.65753664796301803        164.02888321737626        716.27161547214916     
   4.3799999999999999       0.65904130848467257        164.91965704844299        718.28693084490374     
   4.3899999999999997       0.66054596900632701        165.81245059977749        720.30428217752444     
   4.4000000000000004       0.66205062952798166        166.70725921440695        722.32366942887984     
   4.4100000000000001       0.66355529004963609        167.60407824132778        724.34509254710247     
   4.4199999999999999       0.66505995057129064        168.50290303578853        726.36855147001449     
   4.4299999999999997       0.66656461109294507        169.40372895955093        728.39404612556143     
   4.4400000000000004       0.66806927161459961        170.30655138039873        730.42157643049927     
   4.4500000000000002       0.66957393213625405        171.21136567314693        732.45114229257297     
   4.4600000000000000       0.67107859265790859        172.11816721914596        734.48274360920232     
   4.4699999999999998       0.67258325317956313        173.02695140653560        736.51638026791125     
   4.4800000000000004       0.67408791370121768        173.93771363034779        738.55205214641376     
   4.4900000000000002       0.67559257422287222        174.85044929275836        740.58975911304833     
   4.5000000000000000       0.67709723474452665        175.76515380257598        742.62950102543391     
   4.5099999999999998       0.67860189526618109        176.68182257625392        744.67127773268930     
   4.5200000000000005       0.68010655578783563        177.60045103737431        746.71508907408645     
   4.5300000000000002       0.68161121630949029        178.52103461689370        748.76093487948583     
   4.5400000000000000       0.68311587683114472        179.44356875323601        750.80881496941583     
   4.5499999999999998       0.68462053735279915        180.36804889252892        752.85872915551477     
   4.5600000000000005       0.68612519787445370        181.29447048808788        754.91067723915273     
   4.5700000000000003       0.68762985839610824        182.22282900141769        756.96465901369356     
   4.5800000000000001       0.68913451891776267        183.15311990168217        759.02067426311339     
   4.5899999999999999       0.69063917943941711        184.08533866594260        761.07872276244336     
   4.6000000000000005       0.69214383996107165        185.01948077924061        763.13880427784454     
   4.6100000000000003       0.69364850048272630        185.95554173482500        765.20091856705403     
   4.6200000000000001       0.69515316100438074        186.89351703361794        767.26506537797331     
   4.6299999999999999       0.69665782152603517        187.83340218522082        769.33124445097530     
   4.6399999999999997       0.69816248204768960        188.77519270736579        771.39945551748735     
   4.6500000000000004       0.69966714256934426        189.71888412614530        773.46969830043997     
   4.6600000000000001       0.70117180309099869        190.66447197608599        775.54197251433698     
   4.6699999999999999       0.70267646361265312        191.61195180037024        777.61627786570909     
   4.6799999999999997       0.70418112413430767        192.56131915028078        779.69261405166662     
   4.6900000000000004       0.70568578465596232        193.51256958621454        781.77098076224991     
   4.7000000000000002       0.70719044517761676        194.46569867711347        783.85137767897982     
   4.7100000000000000       0.70869510569927119        195.42070200068972        785.93380447531183     
   4.7199999999999998       0.71019976622092562        196.37757514348843        788.01826081670060     
   4.7300000000000004       0.71170442674258028        197.33631370110578        790.10474636106244     
   4.7400000000000002       0.71320908726423471        198.29691327761049        792.19326075728770     
   4.7500000000000000       0.71471374778588925        199.25936948657014        794.28380364764394     
   4.7599999999999998       0.71621840830754369        200.22367795045943        796.37637466628712     
   4.7700000000000005       0.71772306882919834        201.18983430088039        798.47097343971870     
   4.7800000000000002       0.71922772935085277        202.15783417861562        800.56759958685279     
   4.7900000000000000       0.72073238987250721        203.12767323385035        802.66625271948180     
   4.7999999999999998       0.72223705039416164        204.09934712555605        804.76693244075182     
   4.8100000000000005       0.72374171091581641        205.07285152254354        806.86963834761434     
   4.8200000000000003       0.72524637143747084        206.04818210284347        808.97437002929951     
   4.8300000000000001       0.72675103195912527        207.02533455392441        811.08112706778388     
   4.8399999999999999       0.72825569248077970        208.00430457273649        813.18990903784822     
   4.8500000000000005       0.72976035300243436        208.98508786593112        815.30071550755463     
   4.8600000000000003       0.73126501352408879        209.96768014922219        817.41354603667980     
   4.8700000000000001       0.73276967404574322        210.95207714845279        819.52840017921983     
   4.8799999999999999       0.73427433456739766        211.93827459895587        821.64527748182650     
   4.8899999999999997       0.73577899508905231        212.92626824576593        823.76417748427730     
   4.9000000000000004       0.73728365561070686        213.91605384365917        825.88509971953511     
   4.9100000000000001       0.73878831613236129        214.90762715719200        828.00804371381150     
   4.9199999999999999       0.74029297665401572        215.90098396091307        830.13300898704415     
   4.9299999999999997       0.74179763717567027        216.89612003870593        832.25999505129300     
   4.9400000000000004       0.74330229769732481        217.89303118486598        834.38900141329793     
   4.9500000000000002       0.74480695821897924        218.89171320343959        836.52002757287187     
   4.9600000000000000       0.74631161874063379        219.89216190843339        838.65307302337953     
   4.9699999999999998       0.74781627926228833        220.89437312384453        840.78813725179464     
   4.9800000000000004       0.74932093978394287        221.89834268369631        842.92521973876001     
   4.9900000000000002       0.75082560030559731        222.90406643223332        845.06431995906860     
   5.0000000000000000       0.75233026082725185        223.91154022326558        847.20543738002391     
   5.0099999999999998       0.75383492134890628        224.92075992123745        849.34857146404704     
   5.0200000000000005       0.75533958187056083        225.93172140055623        851.49372166703279     
   5.0300000000000002       0.75684424239221537        226.94442054579505        853.64088743883156     
   5.0400000000000000       0.75834890291386992        227.95885325171918        855.79006822330700     
   5.0499999999999998       0.75985356343552435        228.97501542330929        857.94126345838845     
   5.0600000000000005       0.76135822395717889        229.99290297595908        860.09447257656620     
   5.0700000000000003       0.76286288447883333        231.01251183479692        862.24969500320344     
   5.0800000000000001       0.76436754500048787        232.03383793576620        864.40693015920283     
   5.0899999999999999       0.76587220552214230        233.05687722493727        866.56617745931817     
   5.1000000000000005       0.76737686604379696        234.08162565870668        868.72743631264632     
   5.1100000000000003       0.76888152656545139        235.10807920381433        870.89070612267960     
   5.1200000000000001       0.77038618708710593        236.13623383736569        873.05598628735777     
   5.1299999999999999       0.77189084760876037        237.16608554702077        875.22327619956639     
   5.1399999999999997       0.77339550813041480        238.19763033030139        877.39257524541290     
   5.1500000000000004       0.77490016865206934        239.23086419568176        879.56388280694205     
   5.1600000000000001       0.77640482917372389        240.26578316188440        881.73719826041372     
   5.1699999999999999       0.77790948969537843        241.30238325807449        883.91252097679580     
   5.1799999999999997       0.77941415021703286        242.34066052387246        886.08985032181499     
   5.1900000000000004       0.78091881073868741        243.38061100936790        888.26918565600931     
   5.2000000000000002       0.78242347126034195        244.42223077531796        890.45052633523289     
   5.2100000000000000       0.78392813178199638        245.46551589241238        892.63387170888177     
   5.2199999999999998       0.78543279230365082        246.51046244240362        894.81922112268194     
   5.2300000000000004       0.78693745282530536        247.55706651736924        897.00657391690982     
   5.2400000000000002       0.78844211334696002        248.60532421990933        899.19592942690065     
   5.2500000000000000       0.78994677386861445        249.65523166315305        901.38728698309626     
   5.2599999999999998       0.79145143439026888        250.70678497076830        903.58064591109189     
   5.2700000000000005       0.79295609491192343        251.75998027696869        905.77600553168531     
   5.2800000000000002       0.79446075543357797        252.81481372670143        907.97336516138898     
   5.2900000000000000       0.79596541595523240        253.87128147491143        910.17272411061242     
   5.2999999999999998       0.79747007647688684        254.92937968766935        912.37408168650882     
   5.3100000000000005       0.79897473699854149        255.98910454142256        914.57743719115319     
   5.3200000000000003       0.80047939752019603        257.05045222318824        916.78278992205492     
   5.3300000000000001       0.80198405804185047        258.11341893055641        918.99013917220475     
   5.3399999999999999       0.80348871856350490        259.17800087169337        921.19948423012067     
   5.3500000000000005       0.80499337908515944        260.24419426553635        923.41082438036869     
   5.3600000000000003       0.80649803960681399        261.31199534101910        925.62415890169507     
   5.3700000000000001       0.80800270012846842        262.38140033823674        927.83948706994317     
   5.3799999999999999       0.80950736065012296        263.45240550767028        930.05680815617984     
   5.3899999999999997       0.81101202117177740        264.52500711037999        932.27612142722148     
   5.4000000000000004       0.81251668169343205        265.59920141800376        934.49742614567344     
   5.4100000000000001       0.81402134221508649        266.67498471275616        936.72072156997569     
   5.4199999999999999       0.81552600273674092        267.75235328742690        938.94600695444569     
   5.4299999999999997       0.81703066325839535        268.83130344557406        941.17328154980760     
   5.4400000000000004       0.81853532378005001        269.91183150073243        943.40254460127869     
   5.4500000000000002       0.82003998430170455        270.99393377759583        945.63379535154911     
   5.4600000000000000       0.82154464482335898        272.07760661121949        947.86703303886077     
   5.4699999999999998       0.82304930534501342        273.16284634721694        950.10225689754304     
                                                                                                                                                                                                                                                                                                                                                                                                                                                                                                                                                                                                                                                                                                                                                                                                                                                                                                                                                                                                                                                                                                                                                                                                                                                                                                                                                                                                                                                                                                                                                                                                                                                                                                                                                                                                                                                                                                                                                                                                                                                                                                                                                                                                                                                                                                                                                                                                                                                                                                                                                                                                                                                                                                                                                                                                                                                                                                                                                                                                                                                                                                                                                                                                                                                                                                                                                                                                                                                                                                                                                                                                                                                                                                                                                                                                                                                                                                                                                                                                                                                                                                                                                                                                                                                                                                                                                                                                                                                                                                                                                                                                                                                                                                                                                                                                                                                                                                                                                                                                                                                                                                                                                                                                                                                                                                                                                                                                                                                                                                                                                                                                                                                                                                                                                                                                                                                                                                                                                                                                                                                                                                                                                                                                                                                                                                                                                                                                                                                                                                                                                                                                                                                                                                                                                                                                                                                                                                                                                                                                                                                                                                                                                                                                                                                                                                                                                                                                                                                                                                                                                                                                                                                                                                                                                                                                                                                                                                                                                                                                                                                                                                                                                                                                                                                                                                                                                                                                                                                                                                                                                                                                               6.2599999999999998       0.94191748655571927        363.55456821949281        1132.8901446448788     
   6.2700000000000005       0.94342214707737382        364.75423411583915        1135.2815014525572     
   6.2800000000000002       0.94492680759902825        365.95520481483385        1137.6747726464093     
   6.2900000000000000       0.94643146812068268        367.15747747850321        1140.0699572536112     
   6.2999999999999998       0.94793612864233734        368.36104927796106        1142.4670542999263     
   6.3100000000000005       0.94944078916399188        369.56591739361488        1144.8660628103455     
   6.3200000000000003       0.95094544968564632        370.77207901420400        1147.2669818066329     
   6.3300000000000001       0.95245011020730075        371.97953133818743        1149.6698103110591     
   6.3399999999999999       0.95395477072895529        373.18827157277371        1152.0745473439481     
   6.3500000000000005       0.95545943125060984        374.39829693413429        1154.4811919243150     
   6.3600000000000003       0.95696409177226438        375.60960464737428        1156.8897430698844     
   6.3700000000000001       0.95846875229391881        376.82219194651276        1159.3001997971162     
   6.3799999999999999       0.95997341281557336        378.03605607445331        1161.7125611212191     
   6.3900000000000006       0.96147807333722790        379.25119428296097        1164.1268260561762     
   6.4000000000000004       0.96298273385888233        380.46760383263575        1166.5429936147589     
   6.4100000000000001       0.96448739438053677        381.68528199288710        1168.9610628085513     
   6.4199999999999999       0.96599205490219131        382.90422604191139        1171.3810326479656     
   6.4299999999999997       0.96749671542384574        384.12443326690237        1173.8029021429049     
   6.4400000000000004       0.96900137594550040        385.34590096306357        1176.2266703002213     
   6.4500000000000002       0.97050603646715483        386.56862643503320        1178.6523361275699     
   6.4600000000000000       0.97201069698880938        387.79260699589054        1181.0798986308762     
   6.4699999999999998       0.97351535751046381        389.01783996736992        1183.5093568149848     
   6.4800000000000004       0.97502001803211835        390.24432267983900        1185.9407096836867     
   6.4900000000000002       0.97652467855377290        391.47205247226987        1188.3739562397311     
   6.5000000000000000       0.97802933907542744        392.70102669221569        1190.8090954848476     
   6.5099999999999998       0.97953399959708187        393.93124269578493        1193.2461264197623     
   6.5200000000000005       0.98103866011873642        395.16269784761249        1195.6850480442124     
   6.5300000000000002       0.98254332064039096        396.39538952083916        1198.1258593569737     
   6.5400000000000000       0.98404798116204539        397.62931509708039        1200.5685593558635     
   6.5499999999999998       0.98555264168369983        398.86447196665551        1203.0131470384299     
   6.5600000000000005       0.98705730220535437        400.10085752755890        1205.4596213993277     
   6.5700000000000003       0.98856196272700902        401.33846918693484        1207.9079814342879     
   6.5800000000000001       0.99006662324866346        402.57730436005261        1210.3582261375002     
   6.5899999999999999       0.99157128377031789        403.81736047052988        1212.8103545022909     
   6.6000000000000005       0.99307594429197243        405.05863495030661        1215.2643655211348     
   6.6100000000000003       0.99458060481362698        406.30112523962123        1217.7202581856766     
   6.6200000000000001       0.99608526533528141        407.54482878698167        1220.1780314867440     
   6.6299999999999999       0.99758992585693584        408.78974304914198        1222.6376844143631     
   6.6400000000000006       0.99909458637859050        410.03586549107706        1225.0992159577793     
   6.6500000000000004        1.0005992469002449        411.28319358595371        1227.5626251054669     
   6.6600000000000001        1.0021039074218994        412.53172481510825        1230.0279108451512     
   6.6699999999999999        1.0036085679435538        413.78145666801868        1232.4950721638179     
   6.6799999999999997        1.0051132284652082        415.03238664228144        1234.9641080477331     
   6.6900000000000004        1.0066178889868631        416.28451224383434        1237.4350174831357     
   6.7000000000000002        1.0081225495085175        417.53783098591924        1239.9077994535387     
   6.7100000000000000        1.0096272100301720        418.79234039058122        1242.3824529438136     
   6.7199999999999998        1.0111318705518264        420.04803798762430        1244.8589769374976     
   6.7300000000000004        1.0126365310734811        421.30492131483942        1247.3373704174769     
   6.7400000000000002        1.0141411915951355        422.56298791798088        1249.8176323660105     
   6.7500000000000000        1.0156458521167899        423.82223535073848        1252.2997617647395     
   6.7599999999999998        1.0171505126384444        425.08266117471391        1254.7837575947053     
   6.7700000000000005        1.0186551731600990        426.34426295939261        1257.2696188363602     
   6.7800000000000002        1.0201598336817534        427.60703828212058        1259.7573444695840     
   6.7900000000000000        1.0216644942034079        428.87098472807810        1262.2469334736973     
   6.7999999999999998        1.0231691547250623        430.13609989025321        1264.7383848274767     
   6.8100000000000005        1.0246738152467170        431.40238136941690        1267.2316975091667     
   6.8200000000000003        1.0261784757683716        432.66982677409953        1269.7268704964954     
   6.8300000000000001        1.0276831362900261        433.93843372081898        1272.2239027673868     
   6.8399999999999999        1.0291877968116805        435.20819983302118        1274.7227932971734     
   6.8500000000000005        1.0306924573333351        436.47912274261489        1277.2235410628143     
   6.8600000000000003        1.0321971178549896        437.75120008890190        1279.7261450401004     
   6.8700000000000001        1.0337017783766440        439.02442951881642        1282.2306042043763     
   6.8799999999999999        1.0352064388982984        440.29880868689656        1284.7369175305498     
   6.8900000000000006        1.0367110994199531        441.57433525525829        1287.2450839931005     
   6.9000000000000004        1.0382157599416075        442.85100689357290        1289.7551025660989     
   6.9100000000000001        1.0397204204632620        444.12882127904061        1292.2669722232167     
   6.9199999999999999        1.0412250809849164        445.40777609636484        1294.7806919377399     
   6.9299999999999997        1.0427297415065711        446.68786903772838        1297.2962606825811     
   6.9400000000000004        1.0442344020282255        447.96909780276621        1299.8136774302907     
   6.9500000000000002        1.0457390625498799        449.25146009854114        1302.3329411530685     
   6.9600000000000000        1.0472437230715343        450.53495363952010        1304.8540508227813     
   6.9699999999999998        1.0487483835931890        451.81957614754754        1307.3770054109689     
   6.9800000000000004        1.0502530441148437        453.10532535209137        1309.9018038895845     
   6.9900000000000002        1.0517577046364981        454.39219898913700        1312.4284452281045     
   7.0000000000000000        1.0532623651581525        455.68019480278321        1314.9569283978910     
   7.0099999999999998        1.0547670256798070        456.96931054413722        1317.4872523693057     
   7.0200000000000005        1.0562716862014616        458.25954397155954        1320.0194161124421     
   7.0300000000000002        1.0577763467231160        459.55089285063946        1322.5534185971403     
   7.0400000000000000        1.0592810072447707        460.84335495417020        1325.0892587929977     
   7.0499999999999998        1.0607856677664251        462.13692806212470        1327.6269356693801     
   7.0600000000000005        1.0622903282880796        463.43160996162948        1330.1664481954315     
   7.0700000000000003        1.0637949888097340        464.72739844694183        1332.7077953400869     
   7.0800000000000001        1.0652996493313887        466.02429131942387        1335.2509760720827     
   7.0899999999999999        1.0668043098530431        467.32228638751940        1337.7959893599677     
   7.1000000000000005        1.0683089703746977        468.62138146672811        1340.3428341721142     
   7.1100000000000003        1.0698136308963522        469.92157437958173        1342.8915094767265     
   7.1200000000000001        1.0713182914180066        471.22286295562049        1345.4420142418551     
   7.1299999999999999        1.0728229519396610        472.52524503136721        1347.9943474354047     
   7.1400000000000006        1.0743276124613157        473.82871845058213        1350.5485080258964     
   7.1500000000000004        1.0758322729829701        475.13328106312588        1353.1044949794714     
   7.1600000000000001        1.0773369335046246        476.43893072660450        1355.6623072644127     
   7.1699999999999999        1.0788415940262792        477.74566530523271        1358.2219438481470     
   7.1799999999999997        1.0803462545479336        479.05348267008731        1360.7834036980059     
   7.1900000000000004        1.0818509150695881        480.36238069908501        1363.3466857812382     
   7.2000000000000002        1.0833555755912427        481.67235727695527        1365.9117890650177     
   7.2100000000000000        1.0848602361128972        482.98341029521998        1368.4787125164530     
   7.2199999999999998        1.0863648966345516        484.29553765216673        1371.0474551025982     
   7.2300000000000004        1.0878695571562060        485.60873725282750        1373.6180157904628     
   7.2400000000000002        1.0893742176778607        486.92300700895316        1376.1903935470189     
   7.2500000000000000        1.0908788781995151        488.23834483898941        1378.7645873392114     
   7.2599999999999998        1.0923835387211698        489.55474866805707        1381.3405961339743     
   7.2700000000000005        1.0938881992428242        490.87221642792127        1383.9184188982231     
   7.2800000000000002        1.0953928597644786        492.19074605697631        1386.4980545988849     
   7.2900000000000000        1.0968975202861331        493.51033550021583        1389.0795022028904     
   7.2999999999999998        1.0984021808077877        494.83098270921340        1391.6627606771942     
   7.3100000000000005        1.0999068413294422        496.15268564209691        1394.2478289887749     
   7.3200000000000003        1.1014115018510966        497.47544226380865        1396.8347061054292     
   7.3300000000000001        1.1029161623727510        498.79925054494839        1399.4233909926652     
   7.3399999999999999        1.1044208228944057        500.12410846345455        1402.0138826183800     
   7.3500000000000005        1.1059254834160601        501.45001400344194        1404.6061799497520     
   7.3600000000000003        1.1074301439377146        502.77696515546700        1407.2002819540382     
   7.3700000000000001        1.1089348044593690        504.10495991650077        1409.7961875985688     
   7.3799999999999999        1.1104394649810239        505.43399628990835        1412.3938958507686     
   7.3900000000000006        1.1119441255026783        506.76407228542541        1414.9934056781544     
   7.4000000000000004        1.1134487860243327        508.09518591913491        1417.5947160483506     
   7.4100000000000001        1.1149534465459872        509.42733521344576        1420.1978259290934     
   7.4199999999999999        1.1164581070676418        510.76051819706970        1422.8027342882417     
   7.4299999999999997        1.1179627675892962        512.09473290499704        1425.4094400937818     
   7.4400000000000004        1.1194674281109507        513.42997737847622        1428.0179423138386     
   7.4500000000000002        1.1209720886326051        514.76624966499037        1430.6282399166810     
   7.4600000000000000        1.1224767491542598        516.10354781823651        1433.2403318707320     
   7.4699999999999998        1.1239814096759142        517.44186989809964        1435.8542171445740     
   7.4800000000000004        1.1254860701975686        518.78121397063376        1438.4698947069571     
   7.4900000000000002        1.1269907307192233        520.12157810803990        1441.0873635268097     
   7.5000000000000000        1.1284953912408777        521.46296038893411        1443.7066225740452     
   7.5099999999999998        1.1300000517625322        522.80535889715281        1446.3276708163521     
   7.5200000000000005        1.1315047122841866        524.14877172349327        1448.9505072240320     
   7.5300000000000002        1.1330093728058415        525.49319696451948        1451.5751307667917     
   7.5400000000000000        1.1345140333274959        526.83863272282701        1454.2015404145434     
   7.5499999999999998        1.1360186938491503        528.18507710702784        1456.8297351374249     
   7.5600000000000005        1.1375233543708048        529.53252823172420        1459.4597139057962     
   7.5700000000000003        1.1390280148924594        530.88098421749100        1462.0914756902541     
   7.5800000000000001        1.1405326754141139        532.23044319084863        1464.7250194616324     
   7.5899999999999999        1.1420373359357683        533.58090328424760        1467.3603441910163     
   7.6000000000000005        1.1435419964574227        534.93236263604149        1469.9974488497417     
   7.6100000000000003        1.1450466569790774        536.28481939047174        1472.6363324094095     
   7.6200000000000001        1.1465513175007318        537.63827169763852        1475.2769938418849     
   7.6299999999999999        1.1480559780223862        538.99271771348606        1477.9194321193088     
   7.6400000000000006        1.1495606385440407        540.34815559977778        1480.5636462141033     
   7.6500000000000004        1.1510652990656953        541.70458352407763        1483.2096350989777     
   7.6600000000000001        1.1525699595873500        543.06199965972587        1485.8573977469350     
   7.6699999999999999        1.1540746201090044        544.42040218582088        1488.5069331312782     
   7.6799999999999997        1.1555792806306588        545.77978928719676        1491.1582402256176     
   7.6900000000000004        1.1570839411523135        547.14015915440291        1493.8113180038765     
   7.7000000000000002        1.1585886016739679        548.50150998368360        1496.4661654402967     
   7.7100000000000000        1.1600932621956224        549.86383997725864        1499.1227815102861     
   7.7199999999999998        1.1615979227172768        551.22714734208932        1501.7811651870600     
   7.7300000000000004        1.1631025832389315        552.59143029168365        1504.4413154466972     
   7.7400000000000002        1.1646072437605859        553.95668704485388        1507.1032312647746     
   7.7500000000000000        1.1661119042822403        555.32291582600544        1509.7669116172219     
   7.7599999999999998        1.1676165648038948        556.69011486511397        1512.4323554803211     
   7.7700000000000005        1.1691212253255494        558.05828239770426        1515.0995618307159     
   7.7800000000000002        1.1706258858472038        559.42741666483312        1517.7685296454188     
   7.7900000000000000        1.1721305463688583        560.79751591306467        1520.4392579018083     
   7.7999999999999998        1.1736352068905127        562.16857839445504        1523.1117455776500     
   7.8100000000000005        1.1751398674121676        563.54060236652924        1525.7859916510863     
   7.8200000000000003        1.1766445279338220        564.91358609225904        1528.4619951006471     
   7.8300000000000001        1.1781491884554764        566.28752784004985        1531.1397549052645     
   7.8399999999999999        1.1796538489771309        567.66242588371256        1533.8192700442623     
   7.8500000000000005        1.1811585094987855        569.03827850245182        1536.5005394973746     
   7.8600000000000003        1.1826631700204400        570.41508398083920        1539.1835622447447     
   7.8700000000000001        1.1841678305420944        571.79284060879729        1541.8683372669311     
   7.8799999999999999        1.1856724910637488        573.17154668157900        1544.5548635449111     
   7.8900000000000006        1.1871771515854035        574.55120049974948        1547.2431400600935     
   7.9000000000000004        1.1886818121070579        575.93085279175739        1549.9331657064511     
   7.9100000000000001        1.1901864726287124        577.31240279024121        1552.6249396410008     
   7.9199999999999999        1.1916911331503668        578.69489543352347        1555.3184607595956     
   7.9300000000000006        1.1931957936720214        580.07832904371526        1558.0137280462745     
   7.9400000000000004        1.1947004541936761        581.46270194719386        1560.7107404828935     
   7.9500000000000002        1.1962051147153305        582.84801247647647        1563.4094970543974     
   7.9600000000000000        1.1977097752369850        584.23425896894082        1566.1099967453151     
   7.9699999999999998        1.1992144357586394        585.62143976712230        1568.8122385406418     
   7.9800000000000004        1.2007190962802941        587.00955321869037        1571.5162214258401     
   7.9900000000000002        1.2022237568019485        588.39859767643543        1574.2219443868494     
   8.0000000000000000        1.2037284173236029        589.78857149824694        1576.9294064100884     
   8.0099999999999998        1.2052330778452574        591.17947304709230        1579.6386064824596     
   8.0199999999999996        1.2067377383669118        592.57130069100435        1582.3495435913558     
   8.0299999999999994        1.2082423988885662        593.96405280305726        1585.0622167246588     
   8.0400000000000009        1.2097470594102211        595.35772776135218        1587.7766248707546     
   8.0500000000000007        1.2112517199318755        596.75232394899228        1590.4927670185214     
   8.0600000000000005        1.2127563804535300        598.14783975407306        1593.2106421573540     
   8.0700000000000003        1.2142610409751844        599.54427356965573        1595.9302492771510     
   8.0800000000000001        1.2157657014968388        600.94162379375553        1598.6515873683288     
   8.0899999999999999        1.2172703620184935        602.33988882931828        1601.3746554218199     
   8.0999999999999996        1.2187750225401479        603.73906708420509        1604.0994524290829     
   8.1099999999999994        1.2202796830618023        605.13915697117397        1606.8259773821039     
   8.1200000000000010        1.2217843435834572        606.54015690786139        1609.5542292733976     
   8.1300000000000008        1.2232890041051117        607.94206531676286        1612.2842070960153     
   8.1400000000000006        1.2247936646267661        609.34488062521757        1615.0159098435477     
   8.1500000000000004        1.2262983251484205        610.74860126538931        1617.7493365101286     
   8.1600000000000001        1.2278029856700750        612.15322567424869        1620.4844860904414     
   8.1699999999999999        1.2293076461917294        613.55875229355468        1623.2213575797175     
   8.1799999999999997        1.2308123067133838        614.96517957016533        1625.9599499746616     
   8.1899999999999995        1.2323169672350383        616.37250595471244        1628.7002622697876     
   8.1999999999999993        1.2338216277566929        617.78072990354269        1631.4422934629181     
   8.2100000000000009        1.2353262882783476        619.18984987739600        1634.1860425515283     
   8.2200000000000006        1.2368309488000022        620.59986434171378        1636.9315085336661     
   8.2300000000000004        1.2383356093216566        622.01077176662091        1639.6786904079465     
   8.2400000000000002        1.2398402698433111        623.42257062690999        1642.4275871735672     
   8.2500000000000000        1.2413449303649655        624.83525940202207        1645.1781978303020     
   8.2599999999999998        1.2428495908866199        626.24883657603027        1647.9305213785124     
   8.2699999999999996        1.2443542514082744        627.66330063762598        1650.6845568191468     
   8.2799999999999994        1.2458589119299290        629.07865008009276        1653.4403031537424     
   8.2900000000000009        1.2473635724515837        630.49488340130210        1656.1977593844344     
   8.3000000000000007        1.2488682329732381        631.91199910368562        1658.9569245139523     
   8.3100000000000005        1.2503728934948926        633.32999569422350        1661.7177975456293     
   8.3200000000000003        1.2518775540165470        634.74887168442820        1664.4803774834022     
   8.3300000000000001        1.2533822145382014        636.16862559032313        1667.2446633318145     
   8.3399999999999999        1.2548868750598559        637.58925593243305        1670.0106540960248     
   8.3499999999999996        1.2563915355815103        639.01076123575888        1672.7783487817990     
   8.3599999999999994        1.2578961961031649        640.43314002977002        1675.5477463955272     
   8.3700000000000010        1.2594008566248198        641.85639084838022        1678.3188459442151     
   8.3800000000000008        1.2609055171464743        643.28051222993724        1681.0916464354925     
   8.3900000000000006        1.2624101776681287        644.70550271720197        1683.8661468776188     
   8.4000000000000004        1.2639148381897831        646.13136085733549        1686.6423462794801     
   8.4100000000000001        1.2654194987114376        647.55808520188054        1689.4202436505968     
   8.4199999999999999        1.2669241592330920        648.98567430674586        1692.1998380011223     
   8.4299999999999997        1.2684288197547464        650.41412673219179        1694.9811283418517     
   8.4399999999999995        1.2699334802764011        651.84344104281149        1697.7641136842178     
   8.4499999999999993        1.2714381407980555        653.27361580751699        1700.5487930403006     
   8.4600000000000009        1.2729428013197102        654.70464959986407        1703.3351654237908     
   8.4700000000000006        1.2744474618413646        656.13654099666985        1706.1232298461332     
   8.4800000000000004        1.2759521223630190        657.56928858004869        1708.9129853223214     
   8.4900000000000002        1.2774567828846735        659.00289093602532        1711.7044308670381     
   8.5000000000000000        1.2789614434063279        660.43734665486681        1714.4975654956249     
